150
110100111101111101011010001000001001101001110000000000001110101101110011011101111011101000001011100010001110110111010100100111100011010111010011000011
010101100010111101011100010000000000000111001000110110100111001111011100111000110001110000111100110001010010100000011111111001111110010111000111111000
000011011001110000110001110101101010010000110100001110110000111011001011001001111001110000000011010010001001101011110010100110011011111110111010111000
101101001101001010000101110011111101000110010101010111010001011011000100101101101001110010100011010111011011110000100001011101100000111001000100101101
110000110000011111110001100111100010000011011011001101101001100010011001111000100110000101101010011000001000000100100101011110100010101111000011010010
010001000100110011010100011000111100110010010111100001001111011101101100111111010000101111100001000111111010001011011111001111011111011000010101101011
101111010100000111100010011010100110110001101011000111001001100110101101100000011101011000111111100101011100001111111010001000000010001010001011011011
111001000011100011011111111110011110100010010101011000100101001101001101000010111010101111111001010111011010101111010000100011110000010010011000111110
101110001101011101110100100001100110011111100011100010100101111101011010110001001111011101100000101001100100011011001110111010100110010100010011100100
010110010111111011111100110110000111001011000100101000000100111001001101101011001101110110111010111111110001001001011111101101000000011011100011001010
101110100101010000100110110010011101101101001100001000100011101100010000001000001000101101001010010110011111101111101100000100111011000110101101011100
010100111100001101100000010001001101100100100100101111000001111001001111111000110011100110001010100010111100101001011101000110001000100110101111000101
101000001001111110000110100001011111001000001100001011000111000010100011001010100111001100001100110100000011001010100110110010111011001100100110111111
101011011111101001000011100000000101100010111111011111100110110010010011000101101100000110001010100101010000100110100011000011100101001101000100001101
011100000010111011000101111001111111011100110011011111000101010110101100111110111110111100111110001000011001011100100001100111110111001011110110110010
100000000110010011101001111011011010101110010001111101000101100100011100001000100111101000100111111101010001101000101111000010000000100001010100101011
010001001000110001011100010110010111111001010001010111111010011010011110111100110110010010100111100100110001110001100110011100100100001101101100111000
100100110101100111111001011001100001101001010010000000011110111111011101010110111010011001111110100110001101111000100110000010100100101000000011010011
111101001111000100010001111010100000101111010000100000011111010001010000110100110010001111000111000111001110100110101011011010000111100101010101011011
010100010001011110010011111100011101001110010010000000111000110100101110110111000011110111111011001100101111001100100001100110110100010100111010000100
100100000011010110011010111000110000101000011111011101001010100011110010110101010000001100100001111000010001000010111110011110011101101010011010011110
011110101110101011101001001010001011100001101111111011111111011100010110001101100100010001101111000101011111110111101010011010011110111000110000100010
010101101101101011101010010101000000001000000011000000100110010110010101101010001000011000010000011100100100001111001111001110010110101000101110010111
001011101011100111111001010100010111100001110101010100100011100111111110000111011110111101101010000010010100100110101111000010110101010011101111000010
101101001001100111011101101000000001001111101101001010011001111001010110101100111010110110111111110000111101000001101111001110001110000110101001110010
001010111100000101110000000111100101100010001001011000101001101001010101101110010001000010011110111100000000100010001011100001000101000010110110100000
011010100111110010110011110100111011110100101011100010101101101101000001110110011011011100011001011000001000010010011111000011101000111101011001010101
001100110100100101101101010011000100000000001010001010001001000110101101011001110100101001100101001001000010101001101110010110110000010111001111100000
101001011010100101100111110010000011101101110100001000011000010010000011011010010110011111011010100010001010001010010010101001000100001100010011011101
011101100100001110110111111110011001011110011101011011000010110000000101010010100110101010001100111101101100010101110010110001001010101001011110011110
000011000110010000010111001010110011100011110100010001010101111100010001101010010111000011000011110110101101001110001100110101001110010000011000111010
000111111010000011010111111001011100010111110100001011111111000001100011101101010000001011101011011111111010100111100110001001100110001000101000011000
011010000110110110011011010100101011111100011001010110011100101000101011111011110100101010110110010000110110110001111011100111111100001011101100000101
111100001110000100000011010010000100000101010010111011110101011111010011100000110101100110010110110011000011100010101100100110010000010010100010000011
010001011111110110100111111000001011110111111000100111100111110111101000011011100010010011001001000101111100100000101011001100001111000001111011111100
001000001011001100111110111001110101101100010010000000101111110001111011101111000011110100101011110011001001000011000110101101100111110000100101010111
001111100010011100110000000111110110100001100000000011101100001010001010000010000001001000110011111010101111100001001110110010100000011000010010001111
010011100100010111000100000101001000100101110000101100110100101011000101010111110111001101101010110110000110011001111010101110100011000100110001011111
111001010011101010011101001001111010000101110101110010001000101010011110000001011110101000010101111011111111111010001010100010111111000010111111000010
000010111111100011111011010011001110100010110011001000111100000110011011101110000010110111010111001111000100101110101111111000100100100100010100101010
010110100101110111101010101000001001011000010110110111110000000101110011111000001000001110010101100110101100101010000101001110101111110101000011001111
010100110001110100010100010011010111110001101011000111101000011100101101100001011000011010011101100010100000111110001011110101111100000010101000110110
100100010011111000101011111001000110000011011111100011100101111100101010001100100011110111010101010101001110001011100110000111100110111100010001011111
100111110100001010001101111001011111010101001000011100001111010001110000111010000011000010000100110101110111101101011000011010100001011101111111100001
011001010000111100110010100110000001010010101011101001001000111110001100111010010001100101111001111111100111011000011101101011110100010000000011000100
100010001101110000110100100111000001100101111001111011010001011001010101101111000001010100111100011111101100111110011001000111101001001011000110011010
111111100010111111001100111111011101100111101011110000001100100011010011011100000101100101011110100001001010001100000110010011110110100001011011010111
000111101000001010011010001010001001101100110101111000010101011000101000110011011100100111011100001101110000001001001100101000011010110100100000101001
011100001100011000010000101010101001101110001001101110101100001001001100010011111101000011010111110001100010010100101001100100010100110111001101001101
111001011011010000110101111101100100110010010001000000110011100110110001010010100111000001110010000101011011110000001110001100100000000000111111110111
011011010101100000100111111101011010100111101010001001000111000001101001110100100110111001010011110111100110001011111110111010001010101000100110101000
111011000100010010001001001100010110101000001111011111111000010011110111011001011110111000010001010001011010110011110011001010010001010101011110111010
101000010011011011000000100010011100100100100001110101110111111100101001011000000011000111001110111000100000100100010111000011000011101010001011001000
010001011101000111111010010010001110100010111111111100110110110010010000101101000010100010010000111100110001010101011001011110000000001000011111111110
100000101000100001001000000000001100011011000010010110100010001000100010101001101010011010111110100001000100101000111011100010100001110000011111101101
010011111000101010111010100001001100001001100101000000111000000000111010000000000000101001110011001000111011001100101010011001000011101001001011110000
011100101110101001011101001010110110111010011101001110011100011010110110100011110010011000011110010010001101100001101100010100011111101101111000101010
110101110100100011010010101101001100000000100100111011011100110000000100000100100011110111001111101010110110011000101100100110111100110110010011001101
110001001001101001000011011000111000111001101111111010010001111101000001000000001100100101000111000011010100011110010000010100111001010100111010011100
100011000000001111000111110000110000111111100100010101000101101110001100110011010101000111000000100010101010000100101000000100101000111001011100101010
000001000001100001101111100110101001010101111111001100001110011101100100011000011010110100100010110011110011011110100111011111010001111100111010010100
101000101101001011100011010111101110100011011001010000011010110011101111110100011010101111011000001010111111101110110010111000101100100110111010000100
010101101000110111110111011101101111110111100111000101001101101101100001100010111001111011011110101111100110111001111101011100110110001100111001101101
001100110100000111011111101100111000010001110001010111011101110101100101110110000000000010100001110110001000101110000011101000011100100100100110011010
100100000010111100100010011011110111001001000111011100000110110001111001101010100111011100110011101111000101100011111100000000000000010111000011100010
001110100010110011101100011010110100111100100001110010101111111010101000001000001101101110001011010110000111000011100010000110111111011000111101101011
101010001001000001011101010101110001000110011100101110000111010101111001101101010001010101000001001110001000000111110001111001100011101101001001011111
111011100110101001010111101000101111010110101100100011001101010011011011001000110111110111011100110110011110001001101110001011110110110110010011100010
100000111111010101000010100111010010011101000110001100010001010110011000110111101000100001000100000110110111010111000101111111101011000000001110010100
101100010100110110001101100110101001001001101000001110101110000010010001100011001001100101100110011000110010000011110010100100001110110001101001101010
011111011110000100010010011100010010011101101001111111110000110110011101100000000100001100000111010101010100111101010100001001000101100010000100100010
010111101011110110000011111111001111000110100010000101111101111100101111111001010111111101001111011000111101101101110010100000010100100001010110010110
000001101110010011000111001001000110001101111000010000110100100110010011100100011001010010001100110101000010101000100111100111010010010010011101100000
100101111000110100100100111000001111111000110101011000100110000101001111000011010011100101110111010110110011110111010011110110110101111101001110010011
000001111000000011001001111111100101110101110010111101010001110111011110001001110111111101010110001100111100011000110101101000010011101111001110010100
110001010111110100000000011110001100100100101000001001100011110110110011000011011000001110001011010010001100000001101100011101101110001010111000100110
010011010110000101111010001011101010010101101100111010100011000010111110001000110101101110011111111101010001111100111110001100111111100010101011101110
011000100001000001101000010110100110011110100111111011111011001000001001110011001111011110111110110011011111001111111101011100000110101110010011100000
011111000100100111101010001111001001000100110110001111111000011110010010100010110010111110110110111110001110010001001011001110111000010101000001000000
000011010001011000000000110100001001101101001001001001010101011010101101110000101101100110000110111010100101100100110110000010010110011011111001010011
011100001110111101101101010110011100001001011011010111100011000110000000010110100100101110011110001111000101101000100010100000000100101100101011001101
000001110010000000000000010110101000000001101100010101000001001111111100110110110100000100011101001100101101001011111010100100001110010111100100010011
100111001010100001100000100110100000100100100011101110000010111001010111100011001000011110010011101100010010011111101111000101000010111011111010111000
111101101000101111000001110010111000111001100100011011100000110011110111010010001001111100011001010000101111110100111001100001110011010100011000001001
001000011000111010111000100100111001000101000010001101000101111010101011001110101110000011011111000110011101100001001001001010010001110011011111111001
100110000011000011000001101101011100100100101100000010001111011101010101110101111000010001101111001111100010001100011001010110010111111101000100011011
110100100001011111001101000101001011110001000100101001101110000110001001010110111010101101010101010101111110100010101100101100100101110010101100001010
100001101101100111110011010011111010010101001001111101011000000000011011111011010111011100011001011001100111110000010001001010110101000101100000000110
110011101101000100010100011101110100001000101011011110010010101110111101001100110101101110001000111011100100011011010111001111100110010000011110110111
101000011110111011111010111101111110001010001001110001000110100100000111000010111010000110101110000010010111010110011001101101000110001100000110110000
001111101111100101101111010101110011011010001001110110101000000101101000010110010000011101001011000100011110011010011000011011010001010100011001011101
111001010100011101001100001011001000000111001111101001110001110001001110100001000010010110111010001000100011000000000011001001000110100111101101010001
101100001000111001101001011101000111000011110000001001101101001111011010010101110101010001101101011010100001001011001001111010110000011011000100001000
010011101011000011101001111001111010001101110000000101000101111100001011001001010001100001001100111010011110100101101000101010100100110101011100110110
100101010001010101110011001010011100111111101110001101110011111111001000000111011100000100101110001101000100010111110010000110110100001010010100001000
111000111110001101001110110010001011000000101101110011100111001010111111000100111111101100011011010001011011011110111010010111111000000000010101100001
000011011010110110001111110000011010011100010011101011010101110001001100000000110011000011011110100000101111101100101011110110111001111001110001111111
001110101110100010101110100101001011001110110101111011011111011000010110010100101000001110111101000000100100010000100100001110010011001001100101010010
110010001001101010111010110111010000101010000111000100001110000000011011011001110100000100001110111010110110101000111000000110110111001110101001100110
010100001101111100100010111110110011101111110101101111100001101011101001001101001110100001000110111010001010011010101111101010111111001111010010101101
110001101100111111100111010011111110110011101010100100111101110111100011111110101010001100011100011110010110000001010101010011111000000100100110000101
011011011000101110100001000001011001010011011100010000100100110101111011011011110000001110010111100001100110110000000000110001111000010100000000111110
011100001010001000001010101111001100100000000101100000100110001100011111011011010111001101111110000111101111100001010001100000001000101010100011100101
111001011100110111010001000001110011010100111100011100100010000000111101010111111111001000010100000011010110010101011001001010001100111111011110011101
011111110101011011011010101100001001001111000000111010010000100001011000100100011110011011100111110011100011000101001100011010010010011101011011001111
101011111010001100101110001101011000100110011111101011110001010111111110011011110101110011100001001001100000010001010000011100101100010000001001100110
111100101101010100101000000001111111111110100111101010100101011100010111111101001111000100010011001010101101110110110001001000011111000110100100100011
100110000101001111101110100100111101110011101010111000100001000001010110000001101110000011001010110110010110001110000010110010001110111111011001010101
000000010111101111101001000001110101101001011101011001001110100001111001000100110110000011011110101110010011011110011011000001010111010110011100001100
101000101110010111101100111111011001111001111100001011001111101111011100000101100011101010110010000101101110010100000100001010000100100000010100110111
101110010101100110110011101110100111110101110101010101010011100011001111001100001001010010010110001011100010011001001001001011011101101011100000100111
010111001011110001000010111100101001110111001101000001111001111100100001111010111000010001101101000110000111111100001101001011100110110011011001100000
100100011010000101000001011001011010001010010110000010011000101001010110101011101101100111001001110110100011111110101101101001110111100101000101101110
001110011101101101011101011100110111101001010011010100100000011100100000100010101001111100001100101000111101001001010011100001100011001100001111001000
101100111000100000100100110110101011101010110101100010111111001111011011100000100000111110011011111110001001000111100000000100101110101001010011000101
110110010111011011001010110100101110010111111010101111100110001100110010011110100010111100001000010000010100101111011011000010001100101011000010001101
001011101010111011011111000010000101111100110101011110100101000000010000101111110111001111111010011100010100010111111100110101100110110111001000110111
000110111100101111001000000111010001110010011010111001111001101111100111011000101000000000111101011110000101111111011011011111100010000101111010001111
011010000000110010111011100100110000111011100001000100111001101110111110000011010000000010111000101110111100011110011101000011100000100011101110101111
010101111000101011000111100011000100100011101111101001111001111011100100011100001110001001000101011111101010100110001000110110001101110001110010010010
011110110011000110001000111001111011111001011010011111100011111011001000011001111110110101101001001110000001110001101100101011000000000001010010010111
001100110001000011110000001100111100011010000100011011000000101110110110001110010100001110100000100000100100001100111100011010001111111010100110100010
110000101110010100010100010011000000001010011100000110000001001110101100001001010101011110110001101001100100110111010010110011010110101011111011100000
000100100001111110011100110101011111001000100011101110010101001110011010001001110101111110101111101100101111011100010111110011010100011011011111100011
001100110101101010100011111111110000101000110101000100100101001111010011001010101011011110111110111111101011001000110000001000111110011110000100011000
000110000011101001101111011000000111101100111001111110001011111010110101001011001111010001000010000111011011111000000001100000110101110101100101111101
111011000000101010001100011001001110011000010100110101011111001110111100011110101111000011011001011111011111110110101011010111010000110000011101001111
010000010001101000001010000111000100010100010110111111101101100000011010110111100001000001101111101011101001101000100010011010110010110110110000010000
000010000010110100101111011110000110111011111110010011101101011111011111001011100010101010001001101000011101010100100100010101010110011001110111011100
000001100001111011111001000111110011101010100011110111101011000001110000001010010111011010001000100100011011111011101011111110111001011111101000100001
001011000111011110000111000101011011010011010001000110011010110011010010000000110101001101111111010011111000011001111111111100011100111001010101000100
100001001001010011101011000000100101101111110000010110000011111010101011001011011110101110100000110101111010000011010011110000011011111000011010100111
010100001011110110001000010011110010001011000101110101000110111111010000001101111111111100110100110101010010110110011000011101000000110011111100111000
011011000010111011111010100110000101001110000101111111110100001010111010010000011110000011100110111111110000011000000001111001011101101001010100101100
000000110110011011110110011111110010001000011000111111111110100100101100010010011111011101001100001111100100110111101110100001011001001000101100011110
100000000110011101000101110000001011110010110101100001100100110001000001110100101100100010110110000101101100010011000011111011100110001010111011000011
010101100110001010011100110111011110010101110100111100001111110011011010100111010000100010000000010100110000011100011000001101011000101110100000001100
010111110001101001110100000100100110100010000000111100110101110010110100111100111010011111001011100011101001000111100010000111000000100010100000100011
110010001000111010111011110001011111011010110010010001010100010110001101010011011111100110100000100010011011101000010000100010001000011110111010111110
100101101110100000001111110011010001100010100011100001110100001011100000000101111010100111111100111011011101001011111111100110100100000010101010111010
010001101100010011101111000100000010110001000001100101111001010010011110001001101100000000000100101110101101000110101010110100000011000111010011110101
110010000100100110011000010010111111000110111000100111010111100100100001001101001111010011001100001100111111000101011100000101100010001001110001101111
100011111111011010000100001111111101110000000011011010110000110100110101110111010001000111111001011101100000101011011100110011111010100110100111100010
011010000111101010110001100010110100111111010101110101010001011010011101111001101001110100110100111010001010000111100011100110010110111001001100001000
000111011010010110111101000111011010000110111101000001011100011101101000000111010000101000010000011101110000010111100100111001000101100111001100010100
011000011100110100000000111110110110000000100000011111100011110011110000001101101010100110111000000101000001100010100010001001100101101010011100101111
110010110000101110001010100011110111100100111111110110011011010110001000001111100100010010101000100100011111110100100110010101000001111010000011011100
000010000000110111111011101111010101001111100100001011011100000111000010011101110111110011001000010111010111101011100000001111001101000000100101011000
111101110000010111100101111110010010110000110100100101010011100110100000100001101110001101111000110010001100111011100001100001110110011101111010011001
000110010100111000010010111001111111110011101101011100010000111000001011011011100011110001111010100100100101001010001010011011110000110010011101000000