1000
934
1 30
2 893
3 779
4 924
5 284
6 72
7 891
8 809
9 994
10 227
11 881
12 964
13 820
14 431
15 904
16 727
17 963
18 165
19 315
20 645
21 720
22 554
23 53
24 223
25 660
26 424
27 268
28 532
29 333
30 996
31 799
32 470
33 37
34 710
35 748
36 201
37 66
38 258
39 405
40 342
41 918
42 603
43 414
44 877
45 555
46 394
47 559
48 708
49 151
50 343
51 940
52 103
53 551
54 949
55 271
56 262
57 663
58 705
59 104
60 3
61 29
62 52
63 945
64 110
65 973
66 461
67 159
68 321
69 549
70 955
71 947
72 276
73 148
74 107
75 174
76 302
77 589
78 816
79 427
80 76
81 350
82 46
83 175
84 239
85 14
86 776
87 863
88 127
89 296
90 401
91 670
92 486
93 265
94 671
95 758
96 248
97 912
98 825
99 740
100 439
101 540
102 760
103 421
104 368
105 269
106 902
107 627
108 65
109 999
110 467
111 517
112 93
113 652
114 562
115 4
116 187
117 183
118 395
119 217
120 488
121 658
122 712
123 790
124 45
125 499
126 378
127 2
128 242
129 211
130 878
131 840
132 487
133 531
134 118
135 610
136 843
137 98
138 914
139 349
140 366
141 122
142 600
143 985
144 329
145 360
146 933
147 806
148 844
149 873
150 415
151 186
152 542
153 907
154 636
155 798
156 817
157 219
158 317
159 966
160 241
161 433
162 599
163 19
164 956
165 128
166 638
167 256
168 384
169 896
170 718
171 281
172 677
173 465
174 839
175 822
176 851
177 991
178 319
179 279
180 304
181 224
182 734
183 859
184 890
185 875
186 709
187 230
188 566
189 114
190 244
191 784
192 547
193 79
194 888
195 193
196 936
197 511
198 298
199 841
200 33
201 225
202 392
203 850
204 457
205 631
206 391
207 745
208 522
209 161
210 824
211 690
212 462
213 64
214 5
215 99
216 447
217 453
218 659
219 87
220 538
221 533
222 759
223 741
224 20
225 580
226 561
227 89
228 889
229 8
230 11
231 288
232 715
233 855
234 868
235 61
236 925
237 208
238 49
239 344
240 88
241 530
242 257
243 823
244 752
245 858
246 675
247 73
248 564
249 135
250 28
251 194
252 473
253 134
254 176
255 669
256 119
257 546
258 666
259 164
260 697
261 556
262 481
263 380
264 365
265 429
266 544
267 489
268 412
269 446
270 426
271 539
272 323
273 948
274 400
275 626
276 946
277 829
278 738
279 581
280 375
281 899
282 943
283 967
284 69
285 699
286 71
287 252
288 267
289 102
290 628
291 348
292 396
293 793
294 951
295 903
296 354
297 753
298 616
299 721
300 263
301 386
302 743
303 513
304 800
305 754
306 442
307 100
308 339
309 105
310 811
311 865
312 923
313 563
314 634
315 47
316 950
317 328
318 906
319 243
320 310
321 494
322 324
323 744
324 917
325 614
326 233
327 362
328 152
329 153
330 300
331 332
332 55
333 101
334 82
335 250
336 862
337 91
338 383
339 961
340 303
341 971
342 601
343 848
344 976
345 972
346 569
347 854
348 133
349 828
350 111
351 582
352 584
353 880
354 422
355 932
356 921
357 507
358 866
359 31
360 80
361 363
362 357
363 338
364 653
365 336
366 180
367 419
368 588
369 229
370 371
371 870
372 746
373 410
374 898
375 661
376 430
377 908
378 143
379 688
380 460
381 585
382 171
383 147
384 90
385 168
386 307
387 129
388 911
389 393
390 126
391 834
392 536
393 558
394 202
395 318
396 604
397 289
398 794
399 359
400 772
401 503
402 286
403 10
404 995
405 96
406 200
407 123
408 240
409 552
410 993
411 606
412 120
413 901
414 484
415 729
416 456
417 330
418 125
419 260
420 214
421 900
422 635
423 189
424 684
425 882
426 725
427 622
428 992
429 327
430 847
431 81
432 639
433 596
434 373
435 791
436 576
437 969
438 12
439 417
440 406
441 939
442 853
443 314
444 619
445 437
446 830
447 22
448 509
449 504
450 124
451 845
452 206
453 525
454 425
455 642
456 644
457 179
458 773
459 195
460 1000
461 833
462 764
463 707
464 977
465 857
466 78
467 464
468 788
469 222
470 235
471 144
472 198
473 676
474 454
475 275
476 795
477 716
478 765
479 326
480 355
481 826
482 121
483 856
484 479
485 739
486 181
487 483
488 526
489 836
490 472
491 766
492 295
493 150
494 311
495 796
496 782
497 632
498 595
499 703
500 273
501 797
502 277
503 842
504 926
505 560
506 173
507 516
508 56
509 409
510 131
511 568
512 458
513 352
514 435
515 38
516 280
517 930
518 356
519 160
520 139
521 247
522 879
523 162
524 861
525 775
526 361
527 270
528 997
529 351
530 389
531 283
532 975
533 443
534 647
535 978
536 831
537 485
538 897
539 340
540 678
541 404
542 787
543 199
544 85
545 1
546 722
547 205
548 145
549 704
550 17
551 608
552 611
553 783
554 370
555 916
556 155
557 807
558 683
559 643
560 68
561 884
562 292
563 592
564 476
565 813
566 493
567 920
568 40
569 438
570 408
571 34
572 116
573 698
574 440
575 590
576 674
577 418
578 730
579 377
580 441
581 667
582 605
583 702
584 929
585 450
586 77
587 294
588 835
589 15
590 804
591 762
592 192
593 44
594 67
595 245
596 149
597 388
598 673
599 550
600 867
601 736
602 6
603 612
604 413
605 864
606 209
607 747
608 191
609 320
610 407
611 778
612 475
613 451
614 732
615 750
616 686
617 602
618 497
619 786
620 94
621 178
622 492
623 385
624 751
625 448
626 731
627 515
628 625
629 641
630 646
631 621
632 136
633 157
634 106
635 305
636 960
637 922
638 169
639 432
640 837
641 717
642 637
643 347
644 137
645 714
646 335
647 695
648 237
649 557
650 420
651 39
652 18
653 399
654 495
655 687
656 915
657 158
658 885
659 774
660 75
661 894
662 953
663 990
664 232
665 909
666 777
667 545
668 981
669 63
670 780
671 935
672 958
673 249
674 726
675 742
676 649
677 226
678 771
679 203
680 141
681 26
682 218
683 163
684 919
685 508
686 86
687 367
688 331
689 285
690 282
691 680
692 322
693 737
694 583
695 341
696 7
697 60
698 523
699 957
700 372
701 591
702 293
703 781
704 942
705 692
706 382
707 887
708 459
709 496
710 506
711 381
712 980
713 529
714 221
715 518
716 615
717 805
718 445
719 553
720 819
721 982
722 23
723 814
724 986
725 892
726 541
727 514
728 364
729 21
730 167
731 629
732 724
733 968
734 578
735 860
736 755
737 607
738 763
739 290
740 212
741 140
742 657
743 931
744 575
745 654
746 648
747 316
748 95
749 803
750 728
751 938
752 132
753 170
754 502
755 757
756 325
757 570
758 521
759 696
760 334
761 761
762 640
763 749
764 266
765 913
766 261
767 954
768 24
769 869
770 154
771 251
772 650
773 733
774 620
775 482
776 234
777 264
778 109
779 577
780 989
781 59
782 944
783 768
784 630
785 838
786 172
787 998
788 231
789 337
790 735
791 872
792 32
793 436
794 623
795 802
796 477
797 979
798 691
799 983
800 434
801 291
802 594
803 297
804 177
805 573
806 987
807 689
808 478
809 138
810 756
811 16
812 197
813 524
814 259
815 579
816 471
817 792
818 934
819 535
820 500
821 812
822 299
823 379
824 876
825 664
826 253
827 207
828 818
829 54
830 70
831 43
832 874
833 113
834 83
835 662
836 398
837 117
838 238
839 74
840 9
841 713
842 519
843 50
844 57
845 937
846 586
847 463
848 668
849 376
850 886
851 182
852 655
853 466
854 681
855 706
856 301
857 941
858 309
859 849
860 801
861 358
862 48
863 397
864 711
865 92
866 278
867 770
868 617
869 455
870 84
871 598
872 694
873 449
874 369
875 480
876 789
877 190
878 965
879 527
880 25
881 428
882 656
883 423
884 767
885 952
886 928
887 679
888 572
889 827
890 353
891 512
892 719
893 685
894 597
895 112
896 306
897 313
898 213
899 13
900 216
901 468
902 852
903 228
904 815
905 146
906 215
907 62
908 402
909 236
910 609
911 534
912 988
913 42
914 185
915 498
916 510
917 452
918 115
919 974
920 700
921 927
922 810
923 166
924 390
925 520
926 272
927 723
928 220
929 693
930 97
931 196
932 701
933 567
934 846
935 633
936 883
937 246
938 444
939 571
940 962
941 346
942 785
943 959
944 593
945 469
946 895
947 474
948 36
949 345
950 374
951 108
952 411
953 587
954 58
955 832
956 821
957 905
958 505
959 665
960 274
961 672
962 682
963 156
964 287
965 51
966 184
967 871
968 910
969 308
970 35
971 543
972 984
973 491
974 490
975 403
976 574
977 188
978 210
979 565
980 130
981 254
982 41
983 255
984 387
985 769
986 528
987 416
988 501
989 27
990 618
991 142
992 808
993 651
994 613
995 537
996 312
997 204
998 970
999 624
1000 548