1000
60
1 71
5 12
8 91
10 8
13 21
17 19
19 17
23 61
26 56
29 92
32 23
35 74
37 96
41 65
43 33
47 66
50 99
53 43
56 65
58 51
62 9
65 59
67 86
70 2
73 51
76 20
79 63
83 48
85 61
88 75
91 73
95 68
97 20
101 94
104 12
107 62
109 32
112 62
115 31
118 22
121 86
125 12
128 99
130 83
134 99
136 55
139 40
142 57
145 19
148 25
152 48
155 43
157 12
161 34
163 46
167 13
169 49
172 20
176 32
179 59
182 11
185 54
187 29
190 93
193 15
197 76
199 56
203 85
206 33
209 100
211 63
214 68
217 47
220 40
223 1
227 21
230 60
232 2
236 81
238 99
242 42
245 39
248 33
250 20
254 100
256 68
260 27
262 77
265 12
269 56
271 87
274 79
277 63
280 80
284 71
287 33
289 96
292 50
295 78
299 8
301 77
305 27
307 18
311 62
314 38
316 97
319 78
323 79
326 63
329 21
331 20
335 86
337 98
340 33
344 100
346 41
350 19
353 79
355 59
358 13
362 2
364 41
367 37
370 95
374 93
376 67
380 88
383 10
385 56
388 56
391 82
395 79
397 3
400 46
403 47
407 52
409 47
412 17
416 32
418 37
422 9
424 16
427 42
430 94
434 69
437 8
440 13
443 78
446 32
449 62
452 53
454 29
458 31
460 69
464 77
467 11
469 26
473 74
475 54
478 56
482 98
485 87
488 24
491 30
494 31
497 81
499 54
502 98
506 74
509 58
511 17
514 23
518 48
520 3
524 9
527 81
529 54
533 79
536 52
538 55
542 51
544 34
547 37
551 78
554 89
556 22
560 47
562 44
566 37
568 78
572 95
575 53
578 46
580 82
584 77
586 10
590 33
593 36
595 27
599 17
602 8
604 55
607 96
611 14
613 46
617 87
620 75
623 57
625 33
628 14
632 82
634 45
638 41
641 89
643 24
646 31
650 90
652 59
656 75
658 33
661 18
665 38
668 18
671 39
674 72
676 1
679 96
683 50
685 30
688 36
691 35
695 36
698 16
700 28
704 26
706 37
709 87
713 50
716 3
719 81
722 39
725 93
727 82
731 7
733 13
736 77
739 9
743 12
746 25
748 29
752 69
754 94
758 45
760 97
763 47
766 61
769 69
773 85
776 85
778 66
782 25
784 20
788 65
791 3
794 50
796 82
799 70
802 4
805 5
809 63
812 42
815 61
818 86
821 21
823 84
827 45
829 95
833 61
835 36
839 57
842 74
845 90
848 58
850 99
854 75
857 50
860 23
862 56
865 8
868 24
872 68
875 58
878 6
880 76
884 21
887 14
890 78
892 71
896 48
899 43
901 50
904 43
907 27
911 89
914 72
916 8
919 1
922 52
925 35
928 90
931 65
934 54
938 30
940 24
944 17
946 33
950 50
952 74
955 69
959 6
962 45
965 28
967 50
970 39
973 45
977 77
980 87
983 50
985 89
989 65
991 60
995 31
997 21
1000 91
1004 70
1007 10
1009 45
1012 92
1015 96
1019 99
1022 29
1025 94
1028 44
1030 76
1034 4
1037 59
1040 39
1043 66
1046 96
1049 27
1052 93
1054 45
1058 20
1060 21
1063 86
1067 75
1070 31
1073 46
1075 36
1078 6
1082 82
1085 52
1087 26
1091 31
1093 2
1097 60
1099 7
1103 15
1105 3
1108 21
1111 49
1115 45
1118 22
1120 87
1123 34
1126 78
1129 56
1132 73
1136 66
1139 84
1142 89
1145 88
1147 87
1150 92
1154 90
1156 77
1159 16
1162 17
1165 99
1168 55
1171 19
1174 30
1178 45
1181 34
1183 79
1186 19
1189 61
1192 53
1196 50
1199 12
1202 96
1204 93
1207 92
1210 97
1213 45
1216 100
1220 46
1223 96
1225 62
1228 96
1231 24
1235 91
1237 19
1240 49
1244 24
1247 79
1249 61
1252 54
1256 92
1259 26
1262 37
1265 60
1268 8
1270 50
1274 79
1277 33
1279 38
1282 23
1285 15
1288 19
1291 36
1295 62
1297 19
1300 94
1303 5
1307 44
1310 42
1313 82
1315 41
1319 55
1322 19
1324 38
1328 24
1330 37
1334 28
1337 54
1339 95
1342 27
1346 24
1348 95
1352 23
1355 88
1358 17
1361 33
1363 87
1367 47
1369 34
1373 20
1375 3
1378 88
1382 63
1385 28
1388 12
1390 39
1393 56
1396 87
1399 17
1403 60
1406 10
1409 63
1412 65
1414 58
1417 1
1420 98
1423 26
1426 28
1429 43
1433 96
1435 8
1439 99
1441 84
1444 88
1447 64
1451 65
1454 60
1456 99
1460 97
1463 52
1466 84
1469 47
1471 58
1474 41
1478 21
1480 98
1483 42
1487 69
1490 3
1492 93
1496 11
1498 36
1501 96
1505 89
1507 80
1511 25
1513 39
1516 53
1520 71
1523 47
1525 5
1528 86
1532 19
1534 15
1538 31
1540 77
1544 51
1547 7
1549 37
1552 29
1555 21
1558 9
1561 44
1565 19
1567 40
1570 94
1574 26
1577 64
1580 79
1582 95
1585 77
1588 6
1592 15
1594 12
1597 28
1600 27
1604 97
1607 96
1610 6
1613 65
1616 86
1618 66
1622 72
1624 84
1628 37
1631 7
1634 39
1636 87
1640 8
1643 14
1646 68
1648 11
1652 63
1654 82
1658 19
1661 23
1663 32
1666 76
1670 24
1672 78
1676 85
1679 10
1682 41
1685 80
1688 78
1691 45
1693 18
1696 90
1699 44
1702 59
1705 99
1708 45
1711 47
1714 70
1718 86
1721 98
1724 53
1726 96
1729 30
1732 25
1735 8
1738 100
1742 25
1744 86
1747 44
1750 20
1754 91
1756 63
1760 70
1762 61
1765 17
1768 9
1772 78
1775 89
1777 11
1781 46
1784 95
1786 41
1790 30
1792 8
1795 34
1799 87
1801 95
1805 57
1808 14
1811 62
1814 38
1816 57
1819 7
1823 12
1826 12
1829 15
1831 38
1835 63
1838 97
1841 77
1844 98
1847 18
1850 66
1852 59
1856 3
1858 47
1862 56
1864 8
1868 58
1871 23
1873 84
1877 88
1880 82
1882 58
1886 45
1889 63
1891 93
1894 99
1898 53
1900 13
1904 64
1907 62
1909 72
1912 72
1915 23
1919 42
1922 39
1925 34
1927 38
1930 86
1934 19
1936 88
1940 15
1942 20
1946 28
1948 15
1951 33
1955 77
1958 42
1960 43
1964 71
1967 23
1969 43
1972 71
1976 67
1979 3
1981 22
1985 86
1987 35
1991 67
1994 85
1996 42
1999 88
2003 70
2005 13
2008 99
2011 10
2014 51
2017 53
2020 36
2024 96
2027 34
2029 47
2032 43
2035 30
2039 26
2042 79
2044 52
2048 46
2051 80
2054 90
2056 34
2059 19
2063 46
2065 84
2068 14
2072 98
2074 33
2078 9
2080 58
2084 88
2087 48
2089 52
2092 55
2095 98
2099 43
2102 100
2104 19
2107 22
2111 92
2113 9
2117 67
2120 17
2123 89
2125 17
2128 14
2132 64
2134 49
2137 5
2140 73
2144 41
2146 98
2149 100
2153 13
2156 17
2158 38
2161 91
2165 13
2168 40
2170 55
2173 3
2176 9
2180 94
2183 45
2186 97
2188 48
2191 50
2194 15
2197 61
2200 90
2203 38
2206 98
2209 48
2213 15
2215 24
2219 17
2222 54
2225 90
2228 19
2230 84
2234 9
2236 66
2239 71
2243 61
2245 88
2248 69
2251 97
2255 54
2257 92
2260 20
2263 72
2267 25
2270 15
2272 21
2275 19
2279 46
2282 80
2284 1
2287 24
2291 72
2293 4
2297 22
2299 11
2303 52
2305 92
2308 90
2312 89
2315 65
2317 57
2320 78
2323 49
2327 11
2329 75
2332 36
2336 71
2339 12
2341 90
2345 1
2348 7
2350 6
2353 72
2356 68
2359 58
2363 51
2365 9
2369 57
2372 6
2375 23
2377 45
2381 75
2383 77
2387 50
2390 54
2393 42
2395 18
2399 91
2401 15
2404 82
2408 100
2410 66
2413 18
2417 34
2419 57
2422 26
2426 39
2428 34
2431 88
2434 48
2438 23
2440 30
2444 16
2447 50
2449 94
2453 40
2455 79
2458 89
2462 29
2465 33
2468 15
2470 64
2474 89
2476 81
2479 20
2483 3
2486 86
2489 95
2491 16
2495 29
2497 40
2500 66
2503 30
2506 34
2510 6
2512 63
2516 64
2519 78
2522 54
2525 32
2528 97
2531 44
2534 18
2536 54
2539 39
2543 99
2546 6
2549 68
2551 98
2555 80
2557 40
2561 78
2563 95
2567 42
2570 18
2573 51
2575 46
2578 33
2582 24
2585 40
2588 12
2590 68
2593 40
2597 66
2599 34
2603 71
2605 75
2608 88
2611 72
2615 62
2618 23
2621 50
2624 43
2626 95
2629 27
2632 95
2636 72
2638 76
2642 41
2644 68
2647 63
2651 15
2653 52
2657 75
2659 37
2663 44
2665 63
2668 61
2671 97
2675 59
2677 12
2681 84
2684 63
2686 27
2689 37
2693 58
2695 16
2698 88
2702 31
2704 12
2707 35
2711 58
2714 30
2717 61
2720 96
2723 80
2725 50
2728 20
2732 68
2735 57
2737 77
2741 9
2743 2
2746 66
2749 31
2753 20
2755 21
2759 74
2761 33
2764 8
2768 67
2770 17
2773 7
2777 26
2780 11
2783 70
2786 5
2789 67
2792 100
2794 53
2797 61
2800 30
2803 57
2806 62
2810 43
2813 47
2816 75
2819 60
2821 4
2824 13
2827 57
2831 35
2834 16
2837 38
2839 99
2843 58
2845 21
2848 93
2852 43
2854 89
2858 21
2860 71
2863 63
2867 28
2870 19
2873 39
2876 46
2879 18
2882 67
2885 100
2888 59
2891 15
2894 2
2896 11
2899 56
2903 55
2905 51
2909 50
2912 80
2915 45
2918 88
2920 11
2923 89
2926 52
2930 38
2933 55
2935 15
2939 97
2941 52
2945 95
2948 79
2951 60
2953 40
2956 10
2960 81
2963 27
2965 38
2969 85
2972 75
2975 70
2978 32
2981 49
2983 12
2987 5
2989 76
2993 45
2995 70
2999 100
