120 489425
18965 124
8069 64
2505 37
15356 275
10465 290
4419 249
14594 954
16944 1141
14281 1051
10696 935
13445 1403
5043 558
16693 1955
11159 1323
7462 1161
18655 3626
3203 651
15264 3192
6754 1582
16708 3981
10350 2538
12802 3830
2915 886
8458 2633
3175 1029
9279 3247
6302 2277
3817 1534
4376 2060
10944 5200
17645 8416
2685 1302
11800 5725
1510 776
9886 5219
15337 8631
9762 5563
1843 1059
3675 2137
4297 2586
15290 9219
8316 5132
5950 3700
10030 6444
4668 3119
6049 4234
22320 16332
4185 3077
13777 10153
2668 1968
9615 7116
11568 8591
11229 8957
2824 2415
13071 11483
7006 6301
9568 8769
8387 8363
11201 11863
10709 11493
13521 14582
3077 3451
5479 6174
7594 9121
10781 12971
1260 1609
8662 11925
662 998
1785 2820
5633 9020
14008 22495
6360 10436
5268 8778
2896 5027
2413 4475
11593 22242
9500 18640
6039 12335
4666 10011
887 1963
12646 29116
3337 7684
152 356
2139 5050
3929 9416
1077 2693
5451 14138
7481 19426
2991 8313
2029 5671
5146 15911
386 1238
6981 23182
6186 22290
4291 16732
545 2520
3300 15283
1083 5490
3283 18077
3878 22927
2543 15505
1540 9423
4357 26953
1033 8320
1203 9797
1273 11649
1735 16154
694 8989
1325 17836
245 3324
522 7163
249 3618
1301 23067
993 19279
755 15372
297 6610
98 2211
300 11029
134 7936
72 14317