16
0 3 19 5 4 14 10 7 8 1 8 7 5 13 9 12 
7 0 16 8 3 0 6 18 11 16 6 17 2 16 19 14 
9 7 0 10 10 12 0 8 0 8 18 13 12 7 19 1 
7 8 6 0 4 14 17 10 19 4 1 13 13 19 3 19 
6 2 14 2 0 2 2 12 10 15 8 8 14 7 7 11 
2 2 18 2 9 0 19 1 12 4 8 17 19 10 12 17 
14 6 16 5 11 3 0 16 14 14 5 16 2 8 11 7 
1 10 12 5 3 13 16 0 15 16 18 18 3 14 17 4 
5 12 16 6 10 2 5 11 0 13 15 12 8 6 8 13 
7 0 8 14 9 11 7 13 3 0 5 7 10 19 0 10 
16 4 9 6 13 17 7 6 4 8 0 1 17 17 6 0 
9 9 1 6 0 9 17 3 9 8 3 0 2 18 19 12 
10 3 5 8 5 11 12 13 11 19 1 6 0 1 4 4 
5 3 0 17 6 13 2 4 7 12 13 16 13 0 7 1 
19 11 10 13 5 12 15 11 19 6 2 16 9 6 0 11 
1 8 10 14 1 9 14 17 0 0 11 3 3 6 8 0 
