27
0 11 9 18 11 9 19 13 17 10 17 18 9 1 18 3 16 13 3 6 7 18 3 14 0 14 17 
7 0 17 13 0 6 16 0 3 16 9 0 9 5 0 7 18 5 4 3 7 19 8 18 14 4 19 
15 5 0 15 9 7 11 6 18 16 17 14 14 15 1 14 1 9 17 4 15 11 15 14 14 4 16 
8 17 4 0 18 7 0 15 9 2 11 6 3 9 13 14 1 0 10 17 17 18 5 11 7 19 17 
2 15 7 15 0 15 3 13 14 19 15 7 12 14 15 0 3 2 2 4 18 4 8 3 12 17 3 
16 16 4 4 15 0 11 11 0 2 15 4 13 3 8 3 13 13 13 10 10 1 14 6 0 8 7 
19 8 7 6 8 7 0 11 10 7 1 7 4 2 7 3 8 12 7 3 19 0 7 11 6 5 17 
4 11 15 17 10 2 19 0 8 9 3 14 13 14 3 13 10 19 11 2 16 3 6 2 3 11 18 
1 7 19 13 11 6 14 7 0 6 7 17 16 8 14 14 1 13 14 4 14 16 17 1 16 1 13 
10 13 16 11 4 16 17 17 13 0 11 4 1 15 2 4 6 10 9 11 4 5 19 12 10 13 14 
4 13 12 10 10 2 0 7 12 9 0 1 12 7 7 7 11 9 12 2 19 2 11 0 5 19 18 
0 3 4 5 15 14 11 3 19 6 8 0 3 16 11 11 0 4 9 1 3 1 15 19 11 6 8 
0 7 10 10 11 7 6 0 7 11 5 6 0 1 9 13 19 13 16 8 11 17 5 3 1 2 0 
18 17 8 12 10 13 8 16 4 9 8 11 8 0 11 15 4 13 11 7 8 1 7 5 1 12 1 
8 19 6 8 14 8 2 13 16 2 9 7 5 6 0 12 17 1 4 18 7 7 4 18 8 19 14 
19 5 2 14 10 11 16 1 1 14 11 9 2 16 9 0 2 15 0 14 18 8 3 7 0 1 8 
9 12 5 4 6 13 10 7 8 18 11 13 6 18 16 8 0 12 7 19 0 3 12 1 9 10 8 
6 15 17 0 15 9 15 16 0 14 19 18 12 3 9 17 3 0 18 16 19 6 2 9 15 14 9 
18 15 1 16 17 6 13 10 10 8 3 15 19 19 5 11 7 0 0 1 15 18 4 2 6 3 17 
5 6 7 1 1 12 0 2 5 11 2 9 19 10 14 8 10 16 17 0 16 16 0 14 8 3 18 
13 13 10 10 6 8 6 17 10 6 1 9 3 0 14 3 14 6 12 19 0 2 5 6 7 19 17 
8 14 10 16 14 12 11 16 10 2 15 17 6 16 8 15 2 9 6 14 1 0 5 5 17 18 6 
17 13 17 7 2 12 19 5 1 12 12 12 0 4 8 2 8 18 9 12 13 15 0 9 7 12 4 
7 11 13 14 19 7 12 15 0 3 8 1 3 16 10 14 1 14 4 5 10 17 4 0 9 19 4 
10 15 13 11 14 4 19 6 6 4 1 17 5 18 0 11 7 7 16 5 5 1 10 9 0 6 9 
10 10 3 17 8 5 12 9 4 13 9 1 2 11 9 10 12 17 18 17 3 6 10 9 17 0 5 
17 13 15 10 9 14 5 6 15 4 13 11 1 5 14 9 14 15 16 15 10 19 2 7 6 10 0 
