23
0 7 10 7 2 17 19 15 16 19 8 1 14 1 11 0 3 2 7 1 8 12 14 
9 0 5 11 1 19 17 3 18 0 13 9 19 5 10 3 15 14 19 19 3 10 14 
18 16 0 1 12 16 18 8 0 15 9 15 1 19 10 14 17 1 16 11 1 11 7 
3 17 17 0 8 10 19 8 2 17 14 0 16 17 3 15 17 8 10 6 18 18 16 
4 18 3 10 0 9 2 19 17 5 2 11 16 19 4 10 3 12 9 8 4 3 17 
6 8 6 19 6 0 11 19 6 19 5 18 14 3 14 17 19 15 12 13 15 12 19 
5 18 0 9 16 17 0 17 5 14 5 16 0 3 0 1 15 7 0 2 13 10 15 
3 17 11 5 3 14 11 0 1 14 5 19 13 5 17 14 18 3 17 14 18 8 13 
1 12 14 13 19 2 8 5 0 8 3 15 11 3 10 9 14 16 6 9 8 3 17 
9 19 12 10 0 6 13 18 0 0 2 5 14 8 0 12 18 19 8 1 16 8 7 
8 19 13 5 1 8 3 15 2 11 0 16 18 0 18 1 10 8 4 9 11 12 10 
9 12 3 16 11 9 12 18 8 8 11 0 0 0 9 3 2 19 8 2 5 0 19 
3 17 4 13 14 9 12 9 11 9 0 15 0 14 7 13 11 9 7 8 12 8 14 
3 18 16 0 12 15 4 19 11 7 5 5 8 0 11 17 8 1 14 9 14 13 13 
9 1 4 15 16 14 5 2 3 12 14 12 10 12 0 12 3 10 2 14 12 15 14 
19 13 5 17 3 9 12 5 15 1 18 12 13 7 13 0 5 15 11 4 19 0 2 
7 19 13 14 10 8 5 12 3 0 16 16 11 14 15 1 0 13 15 3 1 16 12 
5 17 18 15 4 15 9 18 12 5 17 0 1 1 2 17 9 0 14 2 9 10 8 
4 5 3 10 17 15 17 4 4 6 17 13 14 7 17 13 1 12 0 7 4 9 5 
1 3 0 4 7 0 16 0 0 18 4 1 19 9 0 17 4 2 16 0 17 5 8 
12 3 16 4 1 9 10 9 4 9 3 3 0 8 13 5 11 19 0 10 0 11 14 
1 5 13 15 19 14 2 15 19 9 12 19 11 0 10 12 17 10 1 10 4 0 12 
14 4 4 16 6 7 7 11 17 2 13 6 5 7 11 13 0 0 8 0 7 0 0 
